ampl: display Y;
Y [M1,*,Buraki,*] (tr)
:   S1 S10    S2   S3  S4  S5    S6    S7  S8  S9    :=
1    0   0   0      0   0   0    0.78   0   0   0
2    0   0   0      0   0   0    0.41   0   0   0
3    0   0   0      0   0   0    0.41   0   0   0
4    0   0   0      0   0   0    0.41   0   0   0
5    0   0   0      0   0   0    0.41   0   0   0
6    0   0   0      0   0   0    0.53   0   0   0
7    0   0   0      0   0   0    0.56   0   0   0
8    0   0   0      0   0   0    0.84   0   0   0
9    0   0   0      0   0   0    1.16   0   0   0
10   0   0   0      0   0   0    1.42   0   0   0
11   0   0   0      0   0   0    1.29   0   0   0
12   0   0   0      0   0   0    1.78   0   0   0
13   0   0   0      0   0   0    1.84   0   0   0
14   0   0   0      0   0   0   11.77   0   0   0
15   0   0   0      0   0   0    2.61   0   0   0
16   0   0   0      0   0   0    2.48   0   0   0
17   0   0   0      0   0   0    1.54   0   0   0
18   0   0   0      0   0   0    0      0   0   0
19   0   0   0      0   0   0    0      0   0   0
20   0   0   0      0   0   0    2.95   0   0   0
21   0   0   0.55   0   0   0    6.54   0   0   0
22   0   0   4.2    0   0   0    7.91   0   0   0
23   0   0   3.73   0   0   0    1.73   0   0   0
24   0   0   3.39   0   0   0    0      0   0   0
25   0   0   4.58   0   0   0   12.66   0   0   0
26   0   0   4.61   0   0   0    0      0   0   0
27   0   0   4.92   0   0   0    0      0   0   0
28   0   0   3.62   0   0   0    4.13   0   0   0
29   0   0   4.26   0   0   0    4.44   0   0   0
30   0   0   3.55   0   0   0   12.4    0   0   0
31   0   0   4.4    0   0   0    4.11   0   0   0
32   0   0   4.41   0   0   0    2.55   0   0   0
33   0   0   3.79   0   0   0    0      0   0   0
34   0   0   2.69   0   0   0    0      0   0   0
35   0   0   3.61   0   0   0    0      0   0   0
36   0   0   2.5    0   0   0    3.3    0   0   0
37   0   0   2.41   0   0   0    6.83   0   0   0
38   0   0   2.28   0   0   0    0      0   0   0
39   0   0   3.71   0   0   0    0      0   0   0
40   0   0   0      0   0   0    1.68   0   0   0
41   0   0   3.95   0   0   0    4.55   0   0   0
42   0   0   0.29   0   0   0    0      0   0   0
43   0   0   0      0   0   0    0      0   0   0
44   0   0   2.95   0   0   0    0.75   0   0   0
45   0   0   1.35   0   0   0    3.21   0   0   0
46   0   0   0      0   0   0    0      0   0   0
47   0   0   0      0   0   0    0      0   0   0
48   0   0   0      0   0   0    0      0   0   0
49   0   0   0      0   0   0    0      0   0   0
50   0   0   0      0   0   0    0      0   0   0
51   0   0   0      0   0   0    0      0   0   0
52   0   0   0.42   0   0   0    0.41   0   0   0

 [M1,*,Kapusta,*] (tr)
:   S1 S10    S2   S3  S4  S5    S6   S7  S8  S9    :=
1    0   0   5.99   0   0   0   0.68   0   0   0
2    0   0   0      0   0   0   0.22   0   0   0
3    0   0   0      0   0   0   0.22   0   0   0
4    0   0   0      0   0   0   0.22   0   0   0
5    0   0   0      0   0   0   0.22   0   0   0
6    0   0   0      0   0   0   0.27   0   0   0
7    0   0   0      0   0   0   5.54   0   0   0
8    0   0   0      0   0   0   0      0   0   0
9    0   0   0      0   0   0   0      0   0   0
10   0   0   1.33   0   0   0   0      0   0   0
11   0   0   1.88   0   0   0   0      0   0   0
12   0   0   1.52   0   0   0   0      0   0   0
13   0   0   0      0   0   0   0      0   0   0
14   0   0   0      0   0   0   1.38   0   0   0
15   0   0   2.36   0   0   0   1.46   0   0   0
16   0   0   3.02   0   0   0   1.64   0   0   0
17   0   0   2.79   0   0   0   3.55   0   0   0
18   0   0   3.51   0   0   0   5.09   0   0   0
19   0   0   7.11   0   0   0   2.07   0   0   0
20   0   0   0      0   0   0   0      0   0   0
21   0   0   4.31   0   0   0   0.97   0   0   0
22   0   0   4.24   0   0   0   0      0   0   0
23   0   0   4.32   0   0   0   2.4    0   0   0
24   0   0   3.9    0   0   0   4.02   0   0   0
25   0   0   4.63   0   0   0   0      0   0   0
26   0   0   4.78   0   0   0   2.32   0   0   0
27   0   0   3.86   0   0   0   1.88   0   0   0
28   0   0   3.66   0   0   0   4.45   0   0   0
29   0   0   4.63   0   0   0   0      0   0   0
30   0   0   4.02   0   0   0   1.98   0   0   0
31   0   0   3.83   0   0   0   2.39   0   0   0
32   0   0   1.42   0   0   0   2.17   0   0   0
33   0   0   0      0   0   0   1.72   0   0   0
34   0   0   3.54   0   0   0   1.41   0   0   0
35   0   0   3.44   0   0   0   1.86   0   0   0
36   0   0   3.89   0   0   0   5.3    0   0   0
37   0   0   4.58   0   0   0   0      0   0   0
38   0   0   5.13   0   0   0   0      0   0   0
39   0   0   0.4    0   0   0   0      0   0   0
40   0   0   0      0   0   0   1.9    0   0   0
41   0   0   0      0   0   0   0      0   0   0
42   0   0   2.84   0   0   0   0.76   0   0   0
43   0   0   4.85   0   0   0   2.86   0   0   0
44   0   0   0      0   0   0   0      0   0   0
45   0   0   0      0   0   0   0      0   0   0
46   0   0   0      0   0   0   0      0   0   0
47   0   0   0      0   0   0   0      0   0   0
48   0   0   0      0   0   0   0      0   0   0
49   0   0   0      0   0   0   0      0   0   0
50   0   0   0      0   0   0   0      0   0   0
51   0   0   0      0   0   0   0      0   0   0
52   0   0   0.43   0   0   0   0.22   0   0   0

 [M1,*,Marchew,*] (tr)
:   S1 S10    S2    S3  S4    S5     S6   S7  S8  S9    :=
1    0   0    0.91   0   0   3.66   0.78   0   0   0
2    0   0    0.37   0   0   0      0.23   0   0   0
3    0   0    0.37   0   0   0      0.23   0   0   0
4    0   0    0.37   0   0   0      0.23   0   0   0
5    0   0    0.37   0   0   0      0.23   0   0   0
6    0   0    0.46   0   0   0      0.29   0   0   0
7    0   0    0.52   0   0   0      0.43   0   0   0
8    0   0    0.9    0   0   0      0.43   0   0   0
9    0   0    1.04   0   0   0      0.5    0   0   0
10   0   0    4.9    0   0   0      0.88   0   0   0
11   0   0    1.71   0   0   0      0.94   0   0   0
12   0   0    0      0   0   0      1.16   0   0   0
13   0   0    0      0   0   0      1.26   0   0   0
14   0   0    7.03   0   0   0      1.23   0   0   0
15   0   0    0      0   0   0      1.44   0   0   0
16   0   0    0      0   0   0      1.76   0   0   0
17   0   0    3.14   0   0   0      1.61   0   0   0
18   0   0    4.76   0   0   0      1.72   0   0   0
19   0   0    0.46   0   0   0      3.38   0   0   0
20   0   0   12.27   0   0   0      0      0   0   0
21   0   0    3.73   0   0   0      6.54   0   0   0
22   0   0    3.24   0   0   0      0      0   0   0
23   0   0    0      0   0   0      0      0   0   0
24   0   0    0      0   0   0      3.15   0   0   0
25   0   0   13      0   0   0      1      0   0   0
26   0   0    4.17   0   0   0      1.95   0   0   0
27   0   0    4.23   0   0   0      2.53   0   0   0
28   0   0    4.38   0   0   0      3.11   0   0   0
29   0   0    3.07   0   0   0      1.85   0   0   0
30   0   0    3.64   0   0   0      2.16   0   0   0
31   0   0    4.01   0   0   0      2.11   0   0   0
32   0   0    3.86   0   0   0      2.3    0   0   0
33   0   0    3.28   0   0   0      5.56   0   0   0
34   0   0    2.73   0   0   0      4.97   0   0   0
35   0   0    2.48   0   0   0      0      0   0   0
36   0   0    1.37   0   0   0      0      0   0   0
37   0   0    0      0   0   0      0      0   0   0
38   0   0    0      0   0   0      0      0   0   0
39   0   0    0      0   0   0      0      0   0   0
40   0   0    0      0   0   0      1.87   0   0   0
41   0   0    1.64   0   0   0      0      0   0   0
42   0   0    2.51   0   0   0.72   0.85   0   0   0
43   0   0    0      0   0   0      1.31   0   0   0
44   0   0    0.67   0   0   0      1.48   0   0   0
45   0   0    1.58   0   0   0      0      0   0   0
46   0   0    1.43   0   0   0      0.14   0   0   0
47   0   0    0      0   0   0      0      0   0   0
48   0   0    0      0   0   0      0      0   0   0
49   0   0    0      0   0   0      0      0   0   0
50   0   0    0      0   0   0      0      0   0   0
51   0   0    0      0   0   0      0      0   0   0
52   0   0    0.37   0   0   0      0.23   0   0   0

 [M1,*,Ziemniaki,*] (tr)
:   S1 S10    S2   S3  S4  S5    S6    S7  S8  S9    :=
1    0   0   5.21   0   0   0    1.56   0   0   0
2    0   0   0.85   0   0   0    0.64   0   0   0
3    0   0   0.85   0   0   0    0.64   0   0   0
4    0   0   0.81   0   0   0    0.64   0   0   0
5    0   0   0      0   0   0    0.64   0   0   0
6    0   0   0      0   0   0    0.84   0   0   0
7    0   0   0      0   0   0    1.14   0   0   0
8    0   0   0      0   0   0    1.25   0   0   0
9    0   0   0      0   0   0    1.95   0   0   0
10   0   0   0      0   0   0    2.26   0   0   0
11   0   0   1.77   0   0   0    2.62   0   0   0
12   0   0   1.52   0   0   0    3.25   0   0   0
13   0   0   2.09   0   0   0    3.42   0   0   0
14   0   0   2.1    0   0   0    3.29   0   0   0
15   0   0   2.5    0   0   0    3.4    0   0   0
16   0   0   3.16   0   0   0    3.48   0   0   0
17   0   0   0      0   0   0    4.73   0   0   0
18   0   0   0      0   0   0    5.89   0   0   0
19   0   0   0.16   0   0   0    6.79   0   0   0
20   0   0   3.25   0   0   0    9.45   0   0   0
21   0   0   4.39   0   0   0    0      0   0   0
22   0   0   3.7    0   0   0    5.65   0   0   0
23   0   0   4.38   0   0   0    5.29   0   0   0
24   0   0   4.14   0   0   0   12.87   0   0   0
25   0   0   3.94   0   0   0    0      0   0   0
26   0   0   4.13   0   0   0   12.2    0   0   0
27   0   0   3.76   0   0   0   10.6    0   0   0
28   0   0   3.4    0   0   0    3.03   0   0   0
29   0   0   4.73   0   0   0    0      0   0   0
30   0   0   3.63   0   0   0    5.31   0   0   0
31   0   0   3.81   0   0   0    6.4    0   0   0
32   0   0   3.82   0   0   0    5.36   0   0   0
33   0   0   3.64   0   0   0    4.65   0   0   0
34   0   0   3.16   0   0   0    4.41   0   0   0
35   0   0   2.85   0   0   0    9.55   0   0   0
36   0   0   3.14   0   0   0    2.8    0   0   0
37   0   0   3.06   0   0   0    1.65   0   0   0
38   0   0   2.77   0   0   0    8.82   0   0   0
39   0   0   4.43   0   0   0    8.01   0   0   0
40   0   0   7.15   0   0   0    0.72   0   0   0
41   0   0   0.86   0   0   0    0      0   0   0
42   0   0   0      0   0   0    5.26   0   0   0
43   0   0   0      0   0   0    0.19   0   0   0
44   0   0   0      0   0   0    0      0   0   0
45   0   0   0      0   0   0    0      0   0   0
46   0   0   0      0   0   0    0      0   0   0
47   0   0   0      0   0   0    0      0   0   0
48   0   0   0      0   0   0    0      0   0   0
49   0   0   0      0   0   0    0      0   0   0
50   0   0   0      0   0   0    0      0   0   0
51   0   0   0      0   0   0    0      0   0   0
52   0   0   0.42   0   0   0    0.64   0   0   0

 [M2,*,Buraki,*] (tr)
:     S1    S10     S2      S3     S4     S5   S6  S7  S8    S9     :=
1    0.84   0.48    0.78   0.61   1.1    0.54   0   0   0   0.42
2    0.44   0.11    0.42   0.29   0      0.16   0   0   0   0.1
3    0.44   0.11    0.42   0.29   0      0.16   0   0   0   0.1
4    0.44   0.11    0.42   0.29   0      0.16   0   0   0   0.1
5    0.44   0.11    0.42   0.29   0      0.16   0   0   0   0.1
6    0.58   0.16    0.59   0.43   0      0.18   0   0   0   0.1
7    0.86   0.2     0.84   0.43   0      0.27   0   0   0   0.14
8    0.98   0.27    0.75   0.72   0      0.29   0   0   0   0.19
9    1.22   0.25    0.94   0.75   0      0.35   0   0   0   0.26
10   1.44   0.4     6.8    0.79   0      0.56   0   0   0   0.34
11   1.42   0.47    0      6.91   0      0.52   0   0   0   0.4
12   1.76   0.4     0      0      0      0.81   0   0   0   0.39
13   2.61   0.58    0      3.4    0      0.86   0   0   0   0.52
14   9.98   0.73    2.25   3.3    0      0.89   0   0   0   4.59
15   5.07   0.77    2.91   1.78   0      1.13   0   0   0   2.6
16   0      0.67   11.84   1.9    0      1.05   0   0   0   0.08
17   0      0.68    2.93   2.36   2.76   2.27   0   0   0   0
18   0      0.82    1.34   1.05   3.06   4.74   0   0   0   0
19   8.36   1.07    0      0      4.19   6.45   0   0   0   0
20   7.01   0.79    0      3.28   3.54   1.6    0   0   0   0
21   4.22   0.81    3.99   2.72   3.37   1.69   0   0   0   0
22   4.09   1.13    0      3.14   3.62   1.1    0   0   0   0
23   5.15   1.15    0      2.86   4.87   0      0   0   0   0
24   3.83   0.95    0      3.33   4.24   0      0   0   0   3.92
25   4.42   1.24    0      3.7    5.04   0      0   0   0   1.7
26   4.19   1.25    0      3.23   3.57   0      0   0   0   0
27   5.09   3.8     0      2.84   4.36   0      0   0   0   0
28   5.15   0       0      2.94   4.07   0      0   0   0   0
29   4.51   0       0      0      3.39   1.26   0   0   0   0
30   4.33   0       0      3.16   0      1.75   0   0   0   4.69
31   3.61   5.44    0      3.47   0      1.45   0   0   0   0
32   4.06   0       0      2.63   0      1.12   0   0   0   0
33   3.47   0       0      2.6    0      1.31   0   0   0   0
34   0      0       0      1.32   6.42   1.34   0   0   0   0
35   0      0       0      0      5.13   1.32   0   0   0   0
36   0.59   0       0      0      3.66   1.28   0   0   0   0.63
37   5.4    0.78    0      0      2.83   0.91   0   0   0   1.56
38   0      1.68    0      1.61   0      0.82   0   0   0   0
39   3.88   0       0      1.32   3.02   0.73   0   0   0   0
40   0      0       0      2.44   2.44   3.78   0   0   0   0.49
41   1.56   0.48    0      2.46   1.79   0      0   0   0   0.95
42   2.65   0.89    0      2.02   0.72   0      0   0   0   0
43   2.94   0       0      0.43   0      0      0   0   0   0
44   1.34   0       0      0      0      0      0   0   0   0.23
45   0      0.18    0      0      0      0      0   0   0   0.79
46   0      0.69    0      0      0      0      0   0   0   0
47   0      0       0      0      0      0      0   0   0   0
48   0      0       0      0      0      0      0   0   0   0
49   0      0       0      0      0      0      0   0   0   0
50   0      0       0      0      0      0      0   0   0   0
51   0      0       0      0      0      0      0   0   0   0
52   0.44   0.11    0      0.29   0.43   0.16   0   0   0   0.1

 [M2,*,Kapusta,*] (tr)
:     S1  S10    S2   S3  S4  S5  S6  S7  S8    S9     :=
1    0.84   0   0      0   0   0   0   0   0   0.48
2    0.34   0   0      0   0   0   0   0   0   0.08
3    0.34   0   0      0   0   0   0   0   0   0.08
4    0.34   0   0      0   0   0   0   0   0   0.08
5    0.34   0   0      0   0   0   0   0   0   0.08
6    0.37   0   0      0   0   0   0   0   0   0.09
7    0.63   0   0      0   0   0   0   0   0   0.13
8    0.87   0   0      0   0   0   0   0   0   0.2
9    1.06   0   0      0   0   0   0   0   0   0.19
10   1.26   0   0      0   0   0   0   0   0   0.24
11   1.22   0   0      0   0   0   0   0   0   0.35
12   1.7    0   2.35   0   0   0   0   0   0   0.42
13   2      0   0      0   0   0   0   0   0   0.44
14   1.61   0   2.82   0   0   0   0   0   0   0.4
15   1.88   0   0      0   0   0   0   0   0   0.48
16   2.15   0   0      0   0   0   0   0   0   0.58
17   2.06   0   0      0   0   0   0   0   0   0.6
18   3.02   0   0      0   0   0   0   0   0   0.66
19   3.09   0   0      0   0   0   0   0   0   4.87
20   2.87   0   0      0   0   0   0   0   0   0
21   3.4    0   0      0   0   0   0   0   0   0
22   3.54   0   0      0   0   0   0   0   0   0
23   3.69   0   0      0   0   0   0   0   0   0
24   2.66   0   0      0   0   0   0   0   0   0
25   2.81   0   0      0   0   0   0   0   0   0.98
26   3.48   0   0      0   0   0   0   0   0   0.71
27   2.85   0   0      0   0   0   0   0   0   2.32
28   3.76   0   0      0   0   0   0   0   0   0
29   3.7    0   0      0   0   0   0   0   0   0
30   3.01   0   0      0   0   0   0   0   0   1.76
31   2.98   0   0      0   0   0   0   0   0   0
32   3.2    0   0      0   0   0   0   0   0   0.65
33   3.22   0   0      0   0   0   0   0   0   0.73
34   6.17   0   0      0   0   0   0   0   0   3.04
35   5.03   0   0      0   0   0   0   0   0   0
36   0      0   0      0   0   0   0   0   0   0
37   0      0   0      0   0   0   0   0   0   0
38   0      0   0      0   0   0   0   0   0   0
39   2.01   0   0      0   0   0   0   0   0   0
40   4.18   0   0      0   0   0   0   0   0   0.36
41   2.67   0   0      0   0   0   0   0   0   0.92
42   1.25   0   0      0   0   0   0   0   0   0
43   0      0   0      0   0   0   0   0   0   0
44   0      0   0      0   0   0   0   0   0   0.22
45   0      0   0      0   0   0   0   0   0   0.67
46   0      0   0      0   0   0   0   0   0   0
47   0      0   0      0   0   0   0   0   0   0
48   0      0   0      0   0   0   0   0   0   0
49   0      0   0      0   0   0   0   0   0   0
50   0      0   0      0   0   0   0   0   0   0
51   0      0   0      0   0   0   0   0   0   0
52   0.34   0   0      0   0   0   0   0   0   0.08

 [M2,*,Marchew,*] (tr)
:     S1     S10   S2    S3   S4    S5    S6  S7  S8    S9     :=
1    0.62    7.25   0   0.75   0    6.44   0   0   0   4.69
2    0.02    0      0   0.27   0    0      0   0   0   0
3    0.02    0      0   0.27   0    0.5    0   0   0   0
4    0.02    0      0   0.27   0    0.5    0   0   0   0
5    0.02    0      0   0.27   0    0.5    0   0   0   0
6    0.02    0      0   0.28   0    0.66   0   0   0   0
7    0.03    0      0   0.53   0    0.71   0   0   0   0
8    0.03    0      0   0.57   0    1.29   0   0   0   0
9    0.05    7.03   0   0.61   0    1.56   0   0   0   0
10   0.05    1.5    0   0.91   0    1.38   0   0   0   0.4
11   0.65    1.62   0   2.3    0    0.39   0   0   0   1.24
12   0       1.92   0   0      0    0      0   0   0   8.02
13   0       2.48   0   1.35   0    0      0   0   0   0
14   0       2.24   0   1.58   0    0      0   0   0   0
15   0       2.6    0   1.87   0   12.68   0   0   0   0
16   2.9     0      0   2.15   0    3.31   0   0   0   0
17   0       0      0   2.05   0    2.88   0   0   0   5.26
18   0       0      0   2.02   0    0      0   0   0   0
19   0       2.79   0   2.35   0    0      0   0   0   2.83
20   0       3.51   0   2.18   0    4.3    0   0   0   4.51
21   0       3.01   0   2.49   0    4.94   0   0   0   3.88
22   0       5.89   0   2.44   0    5.22   0   0   0   4.13
23   0       6.47   0   2.36   0    5.47   0   0   0   4.28
24   0       6.6    0   2.96   0    5.53   0   0   0   0.1
25   0       4.56   0   2.19   0    7.53   0   0   0   0
26   0       4.64   0   3.19   0    7.73   0   0   0   0
27   0       0.68   0   3.12   0    6.02   0   0   0   2.84
28   0       0      0   3.1    0    6.85   0   0   0   5.07
29   0      11.69   0   2.38   0    4.19   0   0   0   0
30   0       2.87   0   2.67   0    4.79   0   0   0   2.56
31   0       0      0   2.92   0    3.95   0   0   0   3.06
32   0       0      0   2.64   0    4.74   0   0   0   2.79
33   0       3.75   0   2.22   0    3.54   0   0   0   7.94
34   0       0      0   3.48   0    1.25   0   0   0   0
35   0       0      0   4.11   0    0      0   0   0   0
36   0       0      0   0      0    0      0   0   0   2.02
37   0       0      0   0      0   12.04   0   0   0   4.78
38   0       0      0   1.75   0    2.97   0   0   0   0
39   0.08    9.13   0   2.28   0    1.02   0   0   0   0
40   0.14    3.13   0   0      0    0      0   0   0   1.19
41   0       0      0   0.82   0    2.4    0   0   0   3.53
42   0.1     0      0   0.79   0    0      0   0   0   1.97
43   0       0      0   1.94   0    0      0   0   0   0
44   0.18    0      0   1.44   0    0      0   0   0   0
45   0       0      0   0      0    0      0   0   0   0
46   0       0      0   0      0    0      0   0   0   0
47   0       0      0   0      0    0      0   0   0   0
48   0       0      0   0      0    0      0   0   0   0
49   0       0      0   0      0    0      0   0   0   0
50   0       0      0   0      0    0      0   0   0   0
51   0       0      0   0      0    0      0   0   0   0
52   0.02    0.4    0   0.27   0    0.49   0   0   0   0.29

 [M2,*,Ziemniaki,*] (tr)
:     S1   S10    S2   S3  S4  S5  S6  S7  S8    S9     :=
1     1.37   0   0      0   0   0   0   0   0   5.15
2     0.37   0   0      0   0   0   0   0   0   0
3     0.37   0   0      0   0   0   0   0   0   0
4     0.37   0   0      0   0   0   0   0   0   0
5     0.37   0   0      0   0   0   0   0   0   0
6     0.51   0   0      0   0   0   0   0   0   0
7     0.64   0   0      0   0   0   0   0   0   0
8     0.85   0   0      0   0   0   0   0   0   0
9     1.02   0   0      0   0   0   0   0   0   0
10   10.95   0   0      0   0   0   0   0   0   0
11    0      0   0      0   0   0   0   0   0   0.89
12    0      0   0      0   0   0   0   0   0   1.27
13    0      0   0      0   0   0   0   0   0   2.88
14    0      0   0      0   0   0   0   0   0   0
15    0      0   0      0   0   0   0   0   0   1.6
16    2.34   0   0      0   0   0   0   0   0   3.17
17    6.01   0   3.42   0   0   0   0   0   0   0
18    5.15   0   3.5    0   0   0   0   0   0   2.13
19    0      0   3.43   0   0   0   0   0   0   1.83
20    0      0   0      0   0   0   0   0   0   2.16
21    3.58   0   0      0   0   0   0   0   0   2.12
22    3.16   0   0      0   0   0   0   0   0   2.6
23    3.24   0   0      0   0   0   0   0   0   2.78
24    3.83   0   0      0   0   0   0   0   0   3.04
25    3.16   0   0      0   0   0   0   0   0   2.7
26    3.47   0   0      0   0   0   0   0   0   7.73
27    4.01   0   0      0   0   0   0   0   0   2.29
28    3.81   0   0      0   0   0   0   0   0   1.66
29    4.01   0   0      0   0   0   0   0   0   0
30    3.53   0   0      0   0   0   0   0   0   4.99
31    3.45   0   0      0   0   0   0   0   0   3.56
32    3.22   0   0      0   0   0   0   0   0   0
33    2.92   0   0      0   0   0   0   0   0   0
34    2.71   0   0      0   0   0   0   0   0   4
35    2.43   0   0      0   0   0   0   0   0   5.58
36    2.58   0   0      0   0   0   0   0   0   0.48
37    7.3    0   0      0   0   0   0   0   0   0
38    7.12   0   0      0   0   0   0   0   0   4.17
39    0.02   0   0      0   0   0   0   0   0   1.97
40    0.39   0   0      0   0   0   0   0   0   0
41    0      0   0      0   0   0   0   0   0   0
42    0      0   0      0   0   0   0   0   0   0
43    0      0   0      0   0   0   0   0   0   0
44    0      0   0      0   0   0   0   0   0   0
45    0      0   0      0   0   0   0   0   0   0
46    0      0   0      0   0   0   0   0   0   0
47    0      0   0      0   0   0   0   0   0   0
48    0      0   0      0   0   0   0   0   0   0
49    0      0   0      0   0   0   0   0   0   0
50    0      0   0      0   0   0   0   0   0   0
51    0      0   0      0   0   0   0   0   0   0
52    0.37   0   0      0   0   0   0   0   0   0.27

 [M3,*,Buraki,*] (tr)
:   S1 S10  S2  S3    S4   S5  S6    S7     S8   S9    :=
1    0   0   0   0   3.72   0   0   0.57   1.97   0
2    0   0   0   0   0      0   0   0.27   0      0
3    0   0   0   0   0      0   0   0.27   0      0
4    0   0   0   0   0      0   0   0.27   0      0
5    0   0   0   0   0      0   0   0.27   0      0
6    0   0   0   0   0      0   0   0.39   0      0
7    0   0   0   0   0      0   0   0.44   0.5    0
8    0   0   0   0   0      0   0   0.58   0.64   0
9    0   0   0   0   1.22   0   0   0.71   0.79   0
10   0   0   0   0   1.36   0   0   0.78   0.66   0
11   0   0   0   0   1.32   0   0   1.14   0.9    0
12   0   0   0   0   1.82   0   0   1.3    1.08   0
13   0   0   0   0   2.14   0   0   1.5    1.01   0
14   0   0   0   0   2.02   0   0   1.28   6.07   0
15   0   0   0   0   2.17   0   0   1.68   1.62   0
16   0   0   0   0   2.61   0   0   2.21   1.84   0
17   0   0   0   0   0      0   0   1.66   0      0
18   0   0   0   0   0      0   0   5.73   3.3    0
19   0   0   0   0   0      0   0   1.78   2.94   0
20   0   0   0   0   0      0   0   0      0      0
21   0   0   0   0   0      0   0   2.2    6.19   0
22   0   0   0   0   0      0   0   7.36   3.07   0
23   0   0   0   0   0      0   0   1.05   1.18   0
24   0   0   0   0   0      0   0   0      0      0
25   0   0   0   0   0      0   0   2.43   7.65   0
26   0   0   0   0   0      0   0   2.24   2.4    0
27   0   0   0   0   0      0   0   2.6    2.06   0
28   0   0   0   0   0      0   0   2.62   2.07   0
29   0   0   0   0   0      0   0   2.51   2.3    0
30   0   0   0   0   3.27   0   0   2.24   1.91   0
31   0   0   0   0   5.13   0   0   6.41   1.99   0
32   0   0   0   0   5.41   0   0   3.7    0      0
33   0   0   0   0   1.66   0   0   0.86   0      0
34   0   0   0   0   0      0   0   0      0      0
35   0   0   0   0   0      0   0   0      0      0
36   0   0   0   0   0      0   0   1.55   1.54   0
37   0   0   0   0   0      0   0   4.83   4.61   0
38   0   0   0   0   0      0   0   0      0      0
39   0   0   0   0   0      0   0   0      0      0
40   0   0   0   0   0      0   0   1.09   1.19   0
41   0   0   0   0   0      0   0   2.54   1.99   0
42   0   0   0   0   0      0   0   0      0      0
43   0   0   0   0   0      0   0   0      0      0
44   0   0   0   0   0      0   0   0.56   2.52   0
45   0   0   0   0   0      0   0   2.19   0      0
46   0   0   0   0   0      0   0   0      0      0
47   0   0   0   0   0      0   0   0      0      0
48   0   0   0   0   0      0   0   0      0      0
49   0   0   0   0   0      0   0   0      0      0
50   0   0   0   0   0      0   0   0      0      0
51   0   0   0   0   0      0   0   0      0      0
52   0   0   0   0   0      0   0   0.27   0.25   0

 [M3,*,Kapusta,*] (tr)
:   S1    S10     S2     S3     S4     S5   S6    S7      S8   S9    :=
1    0    3.68   0      0.45   0.44   0.49   0    0.73   0.53   0
2    0    0      0      0.05   2.32   1.07   0    0.35   0.09   0
3    0    0      0      0.05   0      0      0    0.35   0.09   0
4    0    0      0      0.05   0      0      0    0.35   0.09   0
5    0    0      0      0.05   0      0      0    0.35   0.09   0
6    0    0      0      0.06   0      0      0    0.46   0.09   0
7    0    0      0      0.07   0      0      0    0.68   0.12   0
8    0    0      0      0.08   0      0      0    0.63   0.21   0
9    0    0.71   0      0.15   0      0      0    0.87   0.21   0
10   0    1.14   0      0.13   0      0      0    0.96   0.34   0
11   0    1.01   0      0.14   0      0      0    1.46   0.27   0
12   0    1.34   0      0.22   0      0      0    1.34   0.42   0
13   0    1.75   0      0.22   0      0      0    1.74   0.36   0
14   0    1.6    0      0.23   0      0      0    1.56   0.41   0
15   0    1.91   0      0.32   0      0      0    2.24   0.46   0
16   0    1.96   0      0.26   0      0      0    2.15   0.62   0
17   0    2.35   0      0.36   0      0      0    2.35   0.57   0
18   0    2.56   0      0.4    0      0      0    2.89   1.85   0
19   0   10.85   0      3.8    0      0      0    2.52   0      0
20   0    2.94   0      0      0      0      0    3.07   0.37   0
21   0    2.84   0      0      0      0      0    6.32   0.79   0
22   0    0      0      0      0      0.37   0    0      0.67   0
23   0    0      0      0      0      1.81   0    3.41   0.8    0
24   0    0      0      0      0.36   0.01   0    3.05   0.8    0
25   0    3.72   0      0      1.16   0      0    7.67   0.95   0
26   0    2.72   0      0      0      0      0    0      1      0
27   0    3.2    0      0      0      0      0   10.73   0.91   0
28   0    5.89   0      0.46   0      0      0    2.21   0.76   0
29   0    0      0      3.06   0      0      0    0      0.83   0
30   0    4.38   0      0      0      0      0    0.17   0.96   0
31   0    2.28   0      0      1.97   0      0    2.85   0.67   0
32   0    6.81   1.81   0      0      0      0    3.45   1.67   0
33   0    2.84   4.24   0      0      0      0    3.4    0      0
34   0    0      0      0      0      0      0    3.12   3.31   0
35   0    6.26   0      0      0      0      0    5.51   0      0
36   0    3.63   0      0      0      0      0    5.49   0      0
37   0    0      0      0      0      0      0    0      0      0
38   0    0      0      0.29   0      0      0    0      0      0
39   0    0      0      0.27   0      0      0    0      0      0
40   0    0      0      1.05   0      0      0    1.58   1.28   0
41   0    1.05   0      0      0      0      0    1.05   0      0
42   0    2.48   0      0      0      0      0    3.41   0      0
43   0    0      0      0      0      0      0    2.38   0      0
44   0    0      0      0      0      0      0    0      0.2    0
45   0    0.58   0      0      0      0      0    0      0.7    0
46   0    2.07   0      0      0      0      0    0      0      0
47   0    0      0      0      0      0      0    0      0      0
48   0    0      0      0      0      0      0    0      0      0
49   0    0      0      0      0      0      0    0      0      0
50   0    0      0      0      0      0      0    0      0      0
51   0    0      0      0      0      0      0    0      0      0
52   0    0.32   0      0.05   0.02   0.01   0    0.35   0.09   0

 [M3,*,Marchew,*] (tr)
:   S1   S10   S2  S3    S4   S5  S6    S7     S8   S9    :=
1    0   0      0   0   2.42   0   0   0.6    8.37   0
2    0   0      0   0   0      0   0   0.14   0      0
3    0   0      0   0   0      0   0   0.14   0      0
4    0   0      0   0   0      0   0   0.14   0      0
5    0   0      0   0   0      0   0   0.14   0      0
6    0   0      0   0   0      0   0   0.15   0      0
7    0   0      0   0   0      0   0   0.19   0      0
8    0   0      0   0   0      0   0   0.26   1.81   0
9    0   0      0   0   0.55   0   0   0.31   1.38   0
10   0   0      0   0   0.5    0   0   0.45   1.71   0
11   0   0      0   0   0.59   0   0   0.43   0      0
12   0   0      0   0   0.76   0   0   0.58   0      0
13   0   0      0   0   0.85   0   0   0.56   0      0
14   0   0      0   0   1.01   0   0   0.66   1.96   0
15   0   0      0   0   1.29   0   0   8.1    2.21   0
16   0   0      0   0   1.26   0   0   0      2.86   0
17   0   0      0   0   1.54   0   0   0      2.79   0
18   0   0      0   0   1.56   0   0   0      3.73   0
19   0   0      0   0   1.64   0   0   0      2.99   0
20   0   0      0   0   1.37   0   0   0      6.81   0
21   0   0      0   0   1.59   0   0   0      0      0
22   0   0      0   0   1.86   0   0   3.24   3.16   0
23   0   0      0   0   1.95   0   0   0      3.19   0
24   0   0      0   0   1.58   0   0   0      8.4    0
25   0   0      0   0   1.72   0   0   1.44   0      0
26   0   0      0   0   3.28   0   0   1.41   4.23   0
27   0   0      0   0   2.99   0   0   1.61   4.58   0
28   0   0      0   0   3.54   0   0   2.91   3.87   0
29   0   0      0   0   3.19   0   0   0      4.63   0
30   0   0      0   0   3.25   0   0   6.11   3.38   0
31   0   0      0   0   0.36   0   0   0      3.39   0
32   0   0      0   0   0      0   0   0      3.08   0
33   0   0.15   0   0   0      0   0   0      6.86   0
34   0   9.27   0   0   0      0   0   0      3.01   0
35   0   0      0   0   0      0   0   1.63   5.6    0
36   0   0      0   0   1.4    0   0   0      4.02   0
37   0   2.94   0   0   0.99   0   0   0.95   0      0
38   0   1.89   0   0   1.03   0   0   2.86   4.92   0
39   0   0      0   0   0.82   0   0   0      4.23   0
40   0   0      0   0   0.8    0   0   0      0.8    0
41   0   0      0   0   0.72   0   0   0      0      0
42   0   0      0   0   1.78   0   0   0.42   0.35   0
43   0   0      0   0   1.17   0   0   0.63   0      0
44   0   0      0   0   0      0   0   1.28   0      0
45   0   0      0   0   0      0   0   0      0      0
46   0   0      0   0   0      0   0   0      0      0
47   0   0      0   0   0      0   0   0      0      0
48   0   0      0   0   0      0   0   0      0      0
49   0   0      0   0   0      0   0   0      0      0
50   0   0      0   0   0      0   0   0      0      0
51   0   0      0   0   0      0   0   0      0      0
52   0   0      0   0   0.18   0   0   0.14   0.41   0

 [M3,*,Ziemniaki,*] (tr)
:   S1   S10   S2    S3     S4     S5   S6    S7      S8   S9    :=
1    0   0.95   0   1.11   1.98   0.96   0    1.14   0.92   0
2    0   0.03   0   0.31   0      0      0    0.38   0.04   0
3    0   0.03   0   0.31   0      0      0    0.38   0.04   0
4    0   0.03   0   0.31   0      0      0    0.38   0.04   0
5    0   0.03   0   0.31   0      0      0    0.38   0.04   0
6    0   0.03   0   0.36   0      0      0    0.4    0.05   0
7    0   0.04   0   0.56   0      0      0    0.7    3.68   0
8    0   0.05   0   0.7    0      0      0    0.84   0      0
9    0   0.69   0   0.73   6.61   0      0    1      0      0
10   0   0      0   0.82   0.5    0      0    1.03   0      0
11   0   0      0   2.09   0.5    0      0    1.32   1.61   0
12   0   0      0   3.71   0.62   0      0    1.43   0      0
13   0   0      0   0      0.56   0      0    1.79   0      0
14   0   0      0   0      0.85   0      0    1.74   0      0
15   0   0.55   0   1.74   0.8    0      0    2.43   0      0
16   0   1.2    0   1.94   1.06   0      0    2.63   0      0
17   0   0      0   2.63   0.95   0      0    2.6    0      0
18   0   0      0   2.39   0.98   0      0    2.73   0      0
19   0   0      0   2.99   0.97   0      0    5.07   0      0
20   0   0      0   3.24   1.07   0      0    6.75   0      0
21   0   0      0   2.32   1.32   0      0    2.04   0      0
22   0   1.98   0   2.36   1.15   0      0    0      0      0
23   0   0      0   3.03   1.13   0      0    4.13   0      0
24   0   0      0   3.44   0.96   0      0   10.83   0      0
25   0   0      0   3.34   0      0      0    0      0      0
26   0   0      0   3.05   0      0      0    0      0.35   0
27   0   0      0   2.65   0      0      0    3.25   0.49   0
28   0   0      0   3.52   0      0      0    3.39   0.45   0
29   0   0      0   3.15   0      0      0    8.31   0.34   0
30   0   1.45   0   3.3    0      0      0    0      0.47   0
31   0   0      0   3.19   0      0      0    2.8    0.96   0
32   0   0      0   2.6    0.86   0      0    3.48   1.92   0
33   0   0      0   2.42   4.25   0      0    5.47   0.06   0
34   0   0      0   1.99   0      0      0    6.41   0      0
35   0   0      0   2.23   0      0      0    0.77   0      0
36   0   1.09   0   6.18   0      0      0    0      0      0
37   0   0      0   5.61   0      0      0    0.74   0      0
38   0   0      0   1.95   3.9    0      0    4.58   0      0
39   0   0      0   0.64   0      0      0    6.35   0      0
40   0   0      0   0.89   0      0      0    2.16   0      0
41   0   0      0   0      0      0      0    0.2    0.84   0
42   0   0      0   0      0      0      0    0.1    0      0
43   0   0      0   0      0      0      0    0      0      0
44   0   0.06   0   0      0      0      0    0      0      0
45   0   0.23   0   0      0      0      0    0      0      0
46   0   0      0   0      0      0      0    0      0      0
47   0   0      0   0      0      0      0    0      0      0
48   0   0      0   0      0      0      0    0      0      0
49   0   0      0   0      0      0      0    0      0      0
50   0   0      0   0      0      0      0    0      0      0
51   0   0      0   0      0      0      0    0      0      0
52   0   0.03   0   0.31   0.11   0      0    0.38   0.04   0
;
