ampl: display I;
I [*,Buraki,*] (tr)
:     S1     S10     S2     S3     S4     S5     S6     S7     S8     S9     :=
1     0.4    0.37   0.36   0.32   4.39   0.38   0.37   0.3    1.72   0.32
2     0.4    0.37   0.36   0.32   3.96   0.38   0.37   0.3    1.47   0.32
3     0.4    0.37   0.36   0.32   3.53   0.38   0.37   0.3    1.22   0.32
4     0.4    0.37   0.36   0.32   3.1    0.38   0.37   0.3    0.97   0.32
5     0.4    0.37   0.36   0.32   2.67   0.38   0.37   0.3    0.71   0.32
6     0.4    0.37   0.36   0.32   2.03   0.38   0.37   0.3    0.35   0.32
7     0.4    0.37   0.36   0.32   1.35   0.38   0.37   0.3    0.35   0.32
8     0.4    0.37   0.36   0.32   0.34   0.38   0.37   0.3    0.35   0.32
9     0.4    0.37   0.36   0.32   0.34   0.38   0.37   0.3    0.35   0.32
10    0.4    0.37   5.85   0.32   0.34   0.38   0.37   0.3    0.35   0.32
11    0.4    0.37   4.3    6.09   0.34   0.38   0.37   0.3    0.35   0.32
12    0.4    0.37   2.2    5.06   0.34   0.38   0.37   0.3    0.35   0.32
13    0.4    0.37   0.36   6.74   0.34   0.38   0.37   0.3    0.35   0.32
14    7.7    0.37   0.36   8.32   0.34   0.38   9.57   0.3    5.05   4.4
15   10.18   0.37   0.36   8.32   0.34   0.38   9.57   0.3    5.35   6.51
16    7.2    0.37   9.36   8.32   0.34   0.38   9.57   0.3    5.69   5.93
17    3.76   0.37   9.36   8.32   0.34   1.47   7.83   0.3    4.09   5.09
18    0.4    0.37   7.19   6.94   0.34   4.88   4.31   3.59   5.14   4.38
19    4.42   0.37   3.67   4.94   0.34   9.77   0.37   2.67   6.4    3.52
20    7.86   0.37   0.36   5.36   0.34   9.88   0.37   0.3    3.89   2.74
21    7.99   0.37   0.36   5.71   0.34   9.98   2.94   0.3    7.52   1.98
22    8.11   0.37   0.36   6.17   0.34   9.74   7.01   5.16   7.99   1.23
23    8.28   0.37   0.36   6.62   0.34   8.05   4.91   3.78   6.32   0.32
24    8.45   0.37   0.36   7.01   0.34   6.75   0.37   1.22   4.06   3.3
25    8.59   0.37   0.36   7.38   0.34   4.93   8.48   0.84   9.15   4.15
26    8.78   0.37   0.36   7.92   0.34   3.05   4.19   0.3    9.15   3.08
27    8.94   3.27   0.36   8.32   0.34   1.71   0.37   0.3    9.15   2.16
28    9.11   2.32   0.36   8.24   0.34   0.38   0.37   0.3    9.15   1.13
29    9.28   1.21   0.36   5.64   0.34   0.38   0.37   0.3    9.15   0.32
30    9.43   0.37   0.36   6.01   0.34   0.38   9.57   0.3    9.15   4.03
31    9.59   4.88   0.36   6.39   0.84   0.38   9.57   4.46   8.64   3.33
32    9.75   3.99   0.36   6.79   2.87   0.38   8.97   5.77   6.17   2.48
33    9.88   2.99   0.36   7.14   0.34   0.38   5.98   4.3    4.21   1.8
34    5.95   1.97   0.36   6.45   3.8    0.38   2.83   2.4    2.1    1.03
35    2.44   1.17   0.36   4.04   6.23   0.38   0.37   0.3    0.35   0.32
36    0.4    0.37   0.36   2.36   7.11   0.38   0.37   0.3    0.35   0.32
37    3.11   0.37   0.36   0.32   6.85   0.38   4.72   3.29   3.24   1.33
38    0.4    1.33   0.36   0.32   4.74   0.38   2.62   1.94   1.64   0.72
39    2.36   0.8    2.27   0.32   5.46   0.38   0.37   0.3    0.35   0.32
40    0.4    0.37   0.36   1.32   6.11   3.5    0.37   0.3    0.49   0.32
41    0.4    0.37   2.74   2.6    6.57   2.97   3.06   1.89   1.71   0.91
42    1.42   0.92   1.7    3.76   5.92   2.48   1.58   0.92   0.98   0.59
43    3.22   0.64   0.46   3.49   4.7    2.05   0.37   0.3    0.35   0.32
44    3.71   0.37   2.47   2.8    3.84   1.65   0.37   0.3    2.35   0.32
45    3.12   0.37   3.03   2.21   3.01   1.39   2.94   2.04   1.93   0.95
46    2.6    0.92   2.46   1.77   2.49   1.18   2.42   1.65   1.6    0.82
47    2.16   0.81   2.04   1.48   2.06   1.02   2.01   1.38   1.35   0.72
48    1.72   0.7    1.62   1.19   1.63   0.86   1.6    1.11   1.1    0.62
49    1.28   0.59   1.2    0.9    1.2    0.7    1.19   0.84   0.85   0.52
50    0.84   0.48   0.78   0.61   0.77   0.54   0.78   0.57   0.6    0.42
51    0.4    0.37   0.36   0.32   0.34   0.38   0.37   0.3    0.35   0.32
52    0.4    0.37   0.36   0.32   0.34   0.38   0.37   0.3    0.35   0.32

 [*,Kapusta,*] (tr)
:     S1    S10     S2     S3     S4     S5     S6     S7     S8     S9     :=
1    0.5    3.36   5.56   0.4    0.42   0.48   0.46   0.38   0.44   0.4
2    0.5    3.04   5.13   0.4    2.72   1.54   0.46   0.38   0.44   0.4
3    0.5    2.72   4.7    0.4    2.7    1.53   0.46   0.38   0.44   0.4
4    0.5    2.4    4.27   0.4    2.68   1.52   0.46   0.38   0.44   0.4
5    0.5    2.08   3.84   0.4    2.66   1.51   0.46   0.38   0.44   0.4
6    0.5    1.64   3.27   0.4    2.63   1.5    0.46   0.38   0.44   0.4
7    0.5    1.2    2.54   0.4    2.59   1.48   5.65   0.38   0.44   0.4
8    0.5    0.46   1.73   0.4    2.54   1.45   5.16   0.38   0.44   0.4
9    0.5    0.46   0.45   0.4    2.48   1.41   4.51   0.38   0.44   0.4
10   0.5    0.46   0.45   0.4    2.42   1.36   3.72   0.38   0.44   0.4
11   0.5    0.46   0.45   0.4    2.32   1.31   2.89   0.38   0.44   0.4
12   0.5    0.46   2.62   0.4    2.23   1.27   1.8    0.38   0.44   0.4
13   0.5    0.46   0.45   0.4    2.14   1.2    0.46   0.38   0.44   0.4
14   0.5    0.46   0.45   0.4    2.02   1.12   0.46   0.38   0.44   0.4
15   0.5    0.46   0.45   0.4    1.89   1.05   0.46   0.38   0.44   0.4
16   0.5    0.46   0.45   0.4    1.76   0.96   0.46   0.38   0.44   0.4
17   0.5    0.46   0.45   0.4    1.59   0.88   2.2    0.38   0.44   0.4
18   0.5    0.46   0.45   0.4    1.45   0.77   5.72   0.38   1.66   0.4
19   0.5    8.89   4.46   3.78   1.29   0.69   5.56   0.38   0.78   4.46
20   0.5    9.13   0.45   3.36   1.07   0.58   3.59   0.38   0.44   3.58
21   0.5    9.35   0.45   3.01   0.84   0.48   2.67   3.04   0.44   2.84
22   0.5    5.78   0.45   2.55   0.65   0.72   0.46   0.38   0.44   1.98
23   0.5    3.13   0.45   2.1    0.42   2.41   0.46   0.38   0.44   1.2
24   0.5    0.46   0.45   1.71   0.58   2.28   2.65   0.38   0.44   0.4
25   0.5    0.46   0.45   1.34   1.53   2.17   0.46   4.13   0.44   0.4
26   0.5    0.46   0.45   0.8    1.35   2.05   0.46   0.38   0.44   0.4
27   0.5    0.46   0.45   0.4    1.16   1.94   0.46   7.98   0.44   1.99
28   0.5    3.62   0.45   0.4    0.91   1.82   2.96   6.52   0.44   1.24
29   0.5    0.46   0.45   3.08   0.67   1.72   0.46   3.81   0.44   0.4
30   0.5    1.43   0.45   2.71   0.42   1.58   0.46   0.38   0.44   1.21
31   0.5    0.91   0.45   2.33   2.16   1.48   0.46   0.38   0.44   0.4
32   0.5    5.39   0.45   1.93   1.95   1.35   0.46   0.38   1.3    0.4
33   0.5    5.19   0.45   1.58   1.8    1.24   0.46   0.38   0.44   0.4
34   4.55   2.38   0.45   1.23   1.65   1.13   0.46   0.38   3.13   2.83
35   6.64   6.39   0.45   0.93   1.46   1.05   0.46   3.15   2.54   2.31
36   4.37   7.97   1.26   0.66   1.33   0.96   4.13   6.09   2.01   1.73
37   2.69   5.65   3.22   0.4    1.18   0.89   2.94   4.09   1.44   1.27
38   0.5    3.63   5.67   0.4    1.07   0.81   1.66   2.17   0.86   0.74
39   0.5    2.11   3.6    0.4    0.96   0.76   0.46   0.38   0.44   0.4
40   3.44   0.46   1.87   1.27   0.85   0.72   1.36   0.38   1.33   0.4
41   4.74   0.46   0.45   1.13   0.77   0.67   0.46   0.38   1      0.96
42   4.69   2.13   1.68   0.99   0.69   0.63   0.46   2.54   0.69   0.64
43   3.9    1.21   5.21   0.89   0.64   0.6    2.74   3.96   0.44   0.4
44   3.18   0.46   4.1    0.78   0.59   0.57   2.2    3.18   0.44   0.4
45   2.63   0.46   3.24   0.7    0.55   0.55   1.83   2.57   1.01   0.92
46   2.2    2.06   2.6    0.65   0.52   0.53   1.57   2.13   0.89   0.8
47   1.86   1.74   2.17   0.6    0.5    0.52   1.34   1.78   0.8    0.72
48   1.52   1.42   1.74   0.55   0.48   0.51   1.12   1.43   0.71   0.64
49   1.18   1.1    1.31   0.5    0.46   0.5    0.9    1.08   0.62   0.56
50   0.84   0.78   0.88   0.45   0.44   0.49   0.68   0.73   0.53   0.48
51   0.5    0.46   0.45   0.4    0.42   0.48   0.46   0.38   0.44   0.4
52   0.5    0.46   0.45   0.4    0.42   0.48   0.46   0.38   0.44   0.4

 [*,Marchew,*] (tr)
:     S1    S10     S2     S3     S4     S5     S6     S7     S8     S9     :=
1    0.6    6.85   0.54   0.48   2.24   9.61   0.55   0.46   7.96   4.4
2    0.6    6.45   0.54   0.48   2.06   9.12   0.55   0.46   7.55   4.11
3    0.6    6.05   0.54   0.48   1.88   9.13   0.55   0.46   7.14   3.82
4    0.6    5.65   0.54   0.48   1.7    9.14   0.55   0.46   6.73   3.53
5    0.6    5.25   0.54   0.48   1.52   9.15   0.55   0.46   6.32   3.24
6    0.6    4.69   0.54   0.48   1.25   9.16   0.55   0.46   5.85   2.93
7    0.6    4.02   0.54   0.48   0.9    9.18   0.55   0.46   5.09   2.42
8    0.6    3.04   0.54   0.48   0.5    9.21   0.55   0.46   5.83   1.81
9    0.6    9.13   0.54   0.48   0.5    9.25   0.55   0.46   5.93   0.97
10   0.6    9.21   4.05   0.48   0.5    9.3    0.55   0.46   6.06   0.48
11   1.18   9.32   4.53   1.75   0.5    7.93   0.55   0.46   4.32   0.48
12   1.1    9.43   2.69   0.48   0.5    5.93   0.55   0.46   2.76   7.48
13   1.02   9.56   0.54   0.48   0.5    3.31   0.55   0.46   0.53   6.16
14   0.93   9.75   5.7    0.48   0.5    0.58   0.55   0.46   0.53   4.4
15   0.82   9.36   3.52   0.48   0.5    9.61   0.55   7.59   0.53   2.29
16   3.62   7.03   0.54   0.48   0.5    9.7    0.55   6.82   0.53   0.48
17   3.51   3.89   0.54   0.48   0.5    8.69   0.55   5.94   0.53   3.71
18   3.41   0.55   2.71   0.48   0.5    5.39   0.55   4.77   0.53   1.21
19   3.28   0.55   0.54   0.48   0.5    0.58   2.28   3.68   0.53   1.22
20   3.14   0.55   9.54   0.48   0.5    0.58   0.55   2.31   3.76   2.88
21   3.01   0.55   9.54   0.48   0.5    0.58   4.97   1.3    0.53   4.38
22   2.89   2.4    9.09   0.48   0.5    0.58   3.11   3.2    0.53   5.99
23   2.72   5.37   4.87   0.48   0.5    0.58   0.55   1.95   0.53   7.68
24   2.55   8.3    0.54   0.48   0.5    2.01   1.55   0.46   5.27   5.5
25   2.41   8.59   9.54   0.48   0.68   3.94   0.55   0.46   0.53   3.06
26   2.22   8.84   9.54   0.48   2.22   5.94   0.55   0.46   0.53   0.48
27   2.06   4.87   9.54   0.48   3.41   7.39   0.55   0.46   0.53   0.48
28   1.89   0.55   9.54   0.48   4.84   8.84   0.92   1.92   0.53   3
29   1.72   8.91   9.54   0.48   6.4    8.94   0.55   0.46   0.53   0.48
30   1.57   7.63   9.54   0.48   7.69   9.08   0.55   5.14   0.53   0.48
31   1.41   3.89   9.54   0.48   6.66   9.18   0.55   3.9    0.53   0.48
32   1.25   0.55   9.54   0.48   4.84   9.31   0.55   2.59   0.53   0.48
33   1.12   0.55   9.54   0.48   3.6    9.42   4.14   1.47   3.61   5.55
34   1      6.05   9.54   1.52   1.99   7.43   7.28   0.46   3.42   3
35   0.9    3.02   9.54   3.89   0.5    3.75   5.77   1.26   6.07   0.48
36   0.79   0.55   8.73   2.04   0.5    0.58   4.06   0.46   6.84   0.48
37   0.69   0.55   6.77   0.48   0.5    9.77   2.75   0.46   4.49   3.63
38   0.6    0.55   4.32   0.48   0.5    9.85   1.5    2.46   7.22   1.9
39   0.6    7.29   2.47   1.64   0.5    8.77   0.55   1.64   9.17   0.48
40   0.66   8.3    0.54   0.48   0.5    6.82   1.35   1.04   8.3    0.48
41   0.6    6.76   0.54   0.48   0.5    7.4    0.55   0.46   6.72   3.01
42   0.65   5.4    1.61   0.48   1.6    6.75   0.55   0.46   5.66   4.05
43   0.6    4.52   0.54   1.81   2.26   5.66   1.18   0.67   4.45   3.39
44   0.75   3.69   0.54   2.73   1.9    4.43   2.14   1.63   3.67   2.7
45   0.72   2.98   1.45   2.25   1.65   3.61   1.81   1.36   3.02   2.28
46   0.7    2.55   2.39   1.85   1.4    3.03   1.71   1.16   2.58   1.93
47   0.68   2.15   2.02   1.56   1.22   2.54   1.47   1.02   2.17   1.64
48   0.66   1.75   1.65   1.29   1.04   2.05   1.24   0.88   1.76   1.35
49   0.64   1.35   1.28   1.02   0.86   1.56   1.01   0.74   1.35   1.06
50   0.62   0.95   0.91   0.75   0.68   1.07   0.78   0.6    0.94   0.77
51   0.6    0.55   0.54   0.48   0.5    0.58   0.55   0.46   0.53   0.48
52   0.6    0.55   0.54   0.48   0.5    0.58   0.55   0.46   0.53   0.48

 [*,Ziemniaki,*] (tr)
:     S1     S10     S2     S3     S4     S5     S6      S7     S8     S9    :=
1     1      0.92   4.79   0.8    1.87   0.96    0.92   0.76   0.88   4.88
2     1      0.92   5.22   0.8    1.76   0.96    0.92   0.76   0.88   4.61
3     1      0.92   5.65   0.8    1.65   0.96    0.92   0.76   0.88   4.34
4     1      0.92   6.04   0.8    1.54   0.96    0.92   0.76   0.88   4.07
5     1      0.92   5.62   0.8    1.43   0.96    0.92   0.76   0.88   3.8
6     1      0.92   5.04   0.8    1.3    0.96    0.92   0.76   0.88   3.51
7     1      0.92   4.44   0.8    1.1    0.96    0.92   0.76   4.47   3.07
8     1      0.92   3.38   0.8    0.9    0.96    0.92   0.76   4.38   2.39
9     1      1.54   2.38   0.8    7.18   0.96    0.92   0.76   4.28   1.63
10   10.64   1.46   0.9    0.8    7.24   0.96    0.92   0.76   4.15   0.8
11    9.04   1.35   0.9    1.76   7.34   0.96    0.92   0.76   5.62   0.8
12    7.2    1.24   0.9    4.06   7.43   0.96    0.92   0.76   5.46   0.8
13    5.47   1.11   0.9    2.38   7.52   0.96    0.92   0.76   5.23   2.37
14    3.37   0.92   0.9    0.8    7.64   0.96    0.92   0.76   4.98   0.8
15    1      1.31   0.9    0.8    7.77   0.96    0.92   0.76   4.68   0.8
16    1.18   2.32   0.9    0.8    7.9    0.96    0.92   0.76   4.34   2.39
17    4.73   2.14   0.9    0.8    8.07   0.96    0.92   0.76   4      0.8
18    7.19   1.93   0.9    0.8    8.21   0.96    0.92   0.76   3.67   0.8
19    4.3    1.69   0.9    0.8    8.37   0.96    3.29   2.77   3.29   0.8
20    1      1.45   0.9    0.8    8.59   0.96    6.99   6.51   2.91   0.8
21    1      1.23   0.9    0.8    8.82   0.96    0.92   4.86   2.51   0.8
22    1      2.95   0.9    0.8    9.01   0.96    0.92   0.76   2.04   0.8
23    1      2.63   0.9    0.8    9.24   0.96    0.92   0.76   1.61   0.8
24    1      2.37   0.9    0.8    9.08   0.96    6.93   7.44   1.23   0.8
25    1      2.08   0.9    0.8    7.95   0.96    0.92   4.07   0.88   0.8
26    1      1.83   0.9    0.8    6.59   0.96    6.3    0.76   0.88   6.04
27    1      1.49   0.9    0.8    5.59   0.96   10.12   0.76   0.88   5.37
28    1      1.24   0.9    0.8    4.41   0.96    7.25   0.76   0.88   4.63
29    1      0.92   0.9    0.8    3.09   0.96    0.92   4.89   0.88   2.28
30    1      2.07   0.9    0.8    2.05   0.96    0.92   0.76   0.88   4.28
31    1      1.82   0.9    0.8    0.84   0.96    0.92   0.76   1.39   5.79
32    1      1.57   0.9    0.8    0.84   0.96    1.52   0.76   3      3.65
33    1      1.31   0.9    0.8    4.07   0.96    0.92   3.35   2.74   1.34
34    1      1.1    0.9    0.8    3.06   0.96    0.93   6.26   2.35   3.14
35    1      0.92   0.9    1.14   2.31   0.96    4.9    4.79   2.04   6.89
36    1      1.78   0.9    4.94   1.56   0.96    2.94   2.65   1.8    5.71
37    6.01   1.59   0.9    8.8    0.84   0.96    0.92   0.76   1.55   3.77
38   11      1.43   0.9    8.8    4.19   0.96    5.72   2.93   1.28   6.64
39    9.04   1.3    2.91   7.64   3.58   0.96   10.12   7.18   1.04   7.38
40    8      1.18   8.48   6.93   3.04   0.96    8.42   7.78   0.88   6.21
41    6.76   1.09   7.52   5.79   2.66   0.96    5.57   6.77   1.57   5.12
42    5.74   1.01   6.26   4.77   2.29   0.96    8.91   5.58   1.44   4.31
43    4.78   0.92   5.04   3.81   1.95   0.96    7.21   4.57   1.3    3.56
44    3.96   0.92   4.14   3.21   1.72   0.96    5.86   3.75   1.21   2.9
45    3.27   1.1    3.53   2.72   1.53   0.96    4.92   3.12   1.14   2.53
46    2.85   1.07   3      2.35   1.39   0.96    4.12   2.66   1.08   2.15
47    2.48   1.04   2.58   2.04   1.28   0.96    3.48   2.28   1.04   1.88
48    2.11   1.01   2.16   1.73   1.17   0.96    2.84   1.9    1      1.61
49    1.74   0.98   1.74   1.42   1.06   0.96    2.2    1.52   0.96   1.34
50    1.37   0.95   1.32   1.11   0.95   0.96    1.56   1.14   0.92   1.07
51    1      0.92   0.9    0.8    0.84   0.96    0.92   0.76   0.88   0.8
52    1      0.92   0.9    0.8    0.84   0.96    0.92   0.76   0.88   0.8
;